Total:	2283	1671	0.7319316688567674	112	0.049058256679807274	500	0.21901007446342532
Total:	2144	1558	0.726679104477612	110	0.051305970149253734	476	0.22201492537313433
Total:	2129	1537	0.7219351808360732	110	0.05166744950681071	482	0.22639736965711602